valpo,quilpue,vinia,concon,villalemana,limache
valpo
limache

0,0,8.5,0,0,0 
0,0,15,0,5.8,0
8.5,15,0,12.6,0,0
0,0,12.6,0,0,33
0,10,0,0,0,14
0,0,0,33,14,0

0,16.07,6.82,15.69,20,32.55 
16.07,0,10.77,15.1,4.7,16.95 
6.82,10.77,0,9.91,15.45,25.37 
15.69,15.1,9.91,0,18.09,15.43 
20,4.7,15.45,18.09,0,12.75 
32.55,16.95,25.37,15.43,12.75,0


arad,zerind,oradea,timisoara,sibiu,lugoj,mehadia,drobeta,craiova,simnicu,fagaras,pitesti,bucharest,giurgiu,urziceni,hirsova,eforie,vaslui,iasi,neamt




0,55,0,55,309,0,0,0,0,0,0,0,0,0,0,0,0,0,0,0
55,0,61,0,0,0,0,0,0,0,0,0,0,0,0,0,0,0,0,0



0,51.7,0,48.26,223.34,71.27,163.64,
51.7,0


arad,zerind 51.69
arad,oradea 108.65
arad,timisoara 48.26
arad,sibiu 223.34
arad,lugoj 71.28
arad,mehadia 
